# Regularization parameters
lambda: [0.5863000, 0.6489889, 0.6021222]
alpha: [0.4200556, 0.4165000, 0.3932222]
